# for i in range(0,10):
# for i in range(0,11,1):
#     # a=2*i;
#     # # b=3*i
#     # # c=4*i
#     # # d=5*i
#     # print(a)
#     print(2*i,3*i,4*i,5*i,6*i,7*i,8*i,9*i,10*i)
    # output is below
'''2 3 4 5 6 7 8 9 10
4 6 8 10 12 14 16 18 20
6 9 12 15 18 21 24 27 30
8 12 16 20 24 28 32 36 40
10 15 20 25 30 35 40 45 50
12 18 24 30 36 42 48 54 60
14 21 28 35 42 49 56 63 70
16 24 32 40 48 56 64 72 80
18 27 36 45 54 63 72 81 90
20 30 40 50 60 70 80 90 100 '''
# for a in range(0,101,1):
#     print(a)
# for num in range(101,-1,-1):
#     print(num)
# for a in range(0,11,1):
#     print("the number is ",a)
# sum=0
# for a in range(0,11,1):
#     sum=sum+a
#     # a=a+a
#     # sum=sum+sum
# print("total numbers of sum is ",sum)
# i=0
# while i<=10:
#     print("thank you",i)
#     i=i+1
# i=0
# while i<=11:
#     print(i)
#     i=i+1
# print(i)
# # this is do while loop
# print("this is do while loop")
# i=0
# while i<10:
#     print("welcome")
#     i=i+1
l=[10,20,30,40,50,60,70]
# print(l)
for a in l:
    print(a)
